SERVICIO
5811093
5811302
5100522
5100674
5800593
5801335
5810450
5810696
5811320
5811338
5811390
5811434
5811546
5811625
5811738
5811804
5821342
5821988
5830106
5810187
5812418
5812636
5812638
5812756
8900112
8900244
5100065
5100071
5100078
5100825
5100883
5800189
5800285
5800318
5800556
5800585
5800620
5800697
5800809
5800819
5800879
5801042
5801120
5801282
5801554
5801655
5801858
5801873
5801973
5810076
5810112
5810157
5810268
5810274
5810354
5810431
5810527
5810616
5810671
5810732
5810856
5810937
5810949
5811056
5811160
5811192
5811217
5811321
5811371
5811375
5811378
5811400
5811450
5811461
5811465
5811561
5811590
5811869
5820010
5820257
5820295
5820315
5820832
5820892
5821792
5830041
5830046
5830064
5830807
5830924
5831828
5811278
5812460
5812610
5812702
5812706
5812740
5812766
5812900
5812990

CORTE TELEFONIA IP
8333015
8333079
8333202
8333262
8333314
8333328
8333451
8333811
8333845
8333863
8333307
8333425
8333834
8333859
8333242
8333268
8333709
