SERVICIO
5812574
8900228
5811996
5801404
5801403
5811868
5801978
5812672
5811556
5800746
5810201
5800444
5810706
5812282
5811547
5830025
5812638
8900257
8900112
5811804
8900204
8900206
5800835
5810998
5820387
5811861
5810274
5810578
5821932
5810067
5811017
5810118
5810651
5811694
5800225
5801803
5810619
5820876
5811045
5801042
5800781
5801934
5800771
8900166
5801216
5800441
5801293
5800389
5801560
5810884
5821230
5820007
5811577
8900191
5800575
5810186
5810888
5810388
8900244
5820038
5105029
5810616
5801133
5811731
5811314
5811870
5100136
5100134
5811212
5811272
5811466
5821956
5800445
5821538
5810501
5810400
5810879
5821702
5812280
5810930
5812156
5811435
5800685
5811320
5811763
5821694
5810450
5812996
5810725
5811222
8906066
5810184
5800434
5810344
5810354
5811826
5811126
5811453
5811622
5812586
5100038
5820441
5811999
5820399
5810784
5810203
5800112
5820430
5811818
5811229
5801304
5830451
5810011
5810301
5810786
5812946
5811546
5811125
8900008
5800743
5812418
5810167
5811390
5820394
5800717
5821038
5812116
5831312
5831010
5821680
5811681
5811010
5812636
5810545
5801370
5810050
5811262
5811871
5801834
5811722
5800701
5800477
5812572
5830058
5100099
5812512
5800232
5105032
5810631
5100674
5100127
5820066
5800819
5801233
5810656
5811922
5811067
5100094
5810110
5811213
5811666
5811249
5800318
5810187
5800719
5811217
5831820
